10.674413
11.606401
15.164267
13.791636
19.469965
12.888831
14.658698
8.086505
16.216627
18.202477
13.671414
16.837839
14.821709
15.253102
13.546008
14.198977
10.966557
10.727843
10.102586
18.345053
17.806942
17.310787
17.778549
6.863243
15.400865
15.800827
16.420383
19.523331
19.641264
12.085422
11.693525
12.568524
14.520479
11.898774
11.845265
15.539369
11.863795
15.322791
12.011441
13.689345
14.040762
12.529104
13.666276
16.198145
14.983837
17.273479
10.720112
16.721569
13.260989
13.710828
13.900410
12.317438
16.714939
22.036926
18.555172
12.285442
13.524255
10.110710
10.099404
19.077990
15.160804
15.128346
14.802669
19.169386
9.555286
12.523253
18.654465
18.044701
18.152607
16.325121
16.357620
16.660559
10.409940
22.298725
15.603440
12.420152
17.901892
20.897367
13.742370
16.833899
9.639857
12.291938
15.849441
13.215569
11.309375
14.760730
13.072111
16.493383
14.241013
13.843983
15.649223
16.233370
13.915330
14.221807
18.106487
12.353672
13.787975
15.869923
18.386539
14.968225
