-0.198944
-0.132806
0.012272
-0.629810
0.292432
-0.303581
-0.108090
-0.051449
0.704358
0.446096
-0.438343
0.512330
-0.152953
0.163257
-0.461730
-0.890507
-0.382248
-0.602107
-0.155978
-0.961094
0.703409
0.733712
-0.875271
-0.158920
-0.749667
0.173879
-0.661207
0.559881
0.150480
-0.981952
-0.692165
-0.556823
-0.364995
0.887396
-0.544732
0.325816
0.689053
0.076681
-0.563674
-0.569952
-0.883893
-0.346297
-0.596452
0.930257
-0.006423
0.206068
-0.212487
0.916258
-0.266892
-0.337082
-0.032670
-0.273257
0.825117
0.250498
0.603873
-0.773290
-0.682923
-0.482534
-0.875217
0.486787
0.058492
0.069923
-0.060605
0.377605
-0.409009
-0.792977
0.386239
0.739783
-0.785627
0.497788
0.082249
0.680800
-0.459604
0.186952
0.365612
0.635828
0.221775
-0.980312
-0.370970
-0.883118
-0.154166
0.717882
0.154938
0.602638
-0.359196
-0.060108
-0.826222
0.201411
-0.506129
-0.061925
0.312804
0.530785
-0.315424
0.583895
0.984603
-0.200222
-0.229670
-0.876727
0.546056
-0.028018
